-84
180
0
-85
214
1
-84
206
1
-83
207
1
-83
206
1
-82
206
1
-81
205
1
-81
214
1
-78
202
1
-78
205
1
-78
205
1
-78
202
1
-77
201
1
-77
214
1
-76
213
1
-76
233
1
-74
237
1
-73
236
1
-74
240
1
-74
240
1
-74
244
1
-74
242
1
-75
242
1
-75
248
1
-74
247
1
-74
248
1
-75
251
1
-75
251
1
-74
250
1
-74
250
1
-74
252
1
-74
252
1
-75
251
1
-75
255
1
-75
255
1
-75
260
1
-74
259
1
-74
259
1
-74
258
1
-73
258
1
-73
261
1
-73
257
1
-73
259
1
-73
258
1
-73
263
1
-74
263
1
-74
264
1
-73
264
1
-73
264
1
-72
259
1
-72
264
1
-72
264
1
-73
281
1
-73
281
1
-72
282
1
-73
286
1
-73
285
1
-72
293
1
-72
293
1
-71
292
1
-71
292
1
-70
291
1
-69
291
1
-69
293
1
-69
293
1
-68
293
1
-68
293
1
-68
292
1
-67
292
1
-68
291
1
-67
291
1
-67
292
1
-67
292
1
-67
294
1
-67
294
1
-67
294
1
-66
294
1
-65
296
1
-65
296
1
-65
297
1
-65
297
1
-65
298
1
-64
298
1
-63
303
1
-64
303
1
-64
302
1
-64
303
1
-64
303
1
-64
301
1
-64
301
1
-64
300
1
-65
298
1
-66
297
1
-66
296
1
-66
296
1
-67
296
1
-67
295
1
-68
294
1
-68
295
1
-68
295
1
-69
295
1
-69
297
1
-71
298
1
-71
298
1
-71
299
1
-72
299
1
-72
298
1
-72
299
1
-73
299
1
-73
300
1
-73
298
1
-74
299
1
-75
298
1
-75
298
1
-75
297
1
-76
297
1
-77
293
1
-75
336
1
-75
336
1
-72
349
1
-72
349
1
-72
348
1
-71
348
1
-72
349
1
-71
350
1
-71
351
1
-72
351
1
-72
353
1
-71
352
1
-71
353
1
-71
352
1
-71
354
1
-71
354
1
-71
357
1
-71
357
1
-70
357
1
-71
359
1
-71
358
1
-71
359
1
-71
0
1
-69
33
1
-69
33
1
-69
33
1
-70
38
1
-70
39
1
-69
40
1
-69
40
1
-68
48
1
-67
48
1
-67
49
1
-68
50
1
-68
50
1
-67
50
1
-66
50
1
-66
57
1
-67
57
1
-67
56
1
-68
69
1
-68
69
1
-69
70
1
-69
69
1
-70
70
1
-70
70
1
-70
72
1
-70
71
1
-69
78
1
-68
78
1
-67
110
1
-66
111
1
-66
111
1
-67
130
1
-66
130
1
-67
144
1
-67
144
1
-68
147
1
-68
147
1
-69
154
1
-69
156
1
-69
156
1
-70
161
1
-70
161
1
-71
162
1
-71
162
1
-70
162
1
-70
163
1
-71
163
1
-71
170
1
-71
170
1
-72
171
1
-72
170
1
-72
170
1
-73
167
1
-74
167
1
-74
167
1
-74
165
1
-74
165
1
-75
163
1
-76
163
1
-77
164
1
-78
164
1
-78
166
1
-79
160
1
-81
160
1
-84
180
1
0
280
0
0
279
1
-1
279
1
-1
279
1
-2
279
1
-2
279
1
-3
280
1
-3
280
1
-3
280
1
-4
279
1
-6
279
1
-6
279
1
-7
280
1
-8
280
1
-14
284
1
-14
284
1
-16
285
1
-16
286
1
-18
290
1
-25
289
1
-26
289
1
-26
289
1
-29
288
1
-30
289
1
-31
288
1
-33
289
1
-33
288
1
-34
288
1
-37
287
1
-37
286
1
-38
286
1
-38
287
1
-39
287
1
-40
286
1
-41
286
1
-42
286
1
-42
287
1
-41
287
1
-42
288
1
-42
287
1
-42
288
1
-42
287
1
-43
287
1
-44
287
1
-44
287
1
-44
287
1
-45
287
1
-45
287
1
-45
286
1
-45
286
1
-45
286
1
-45
286
1
-44
286
1
-44
286
1
-44
286
1
-45
285
1
-45
286
1
-46
285
1
-46
285
1
-46
285
1
-46
285
1
-47
284
1
-47
284
1
-47
286
1
-48
285
1
-48
285
1
-48
285
1
-49
284
1
-49
285
1
-50
284
1
-50
285
1
-50
285
1
-51
285
1
-50
285
1
-50
285
1
-51
285
1
-51
285
1
-52
285
1
-51
285
1
-51
286
1
-52
286
1
-52
285
1
-52
285
1
-52
285
1
-52
286
1
-53
286
1
-53
286
1
-53
286
1
-53
288
1
-53
289
1
-53
289
1
-53
288
1
-54
288
1
-54
289
1
-54
289
1
-53
289
1
-53
290
1
-52
290
1
-52
292
1
-51
291
1
-50
291
1
-50
292
1
-49
293
1
-48
294
1
-47
294
1
-47
293
1
-46
293
1
-46
292
1
-45
294
1
-45
294
1
-45
294
1
-44
295
1
-44
295
1
-43
296
1
-43
295
1
-43
295
1
-43
296
1
-43
296
1
-43
296
1
-42
296
1
-42
295
1
-42
295
1
-41
295
1
-41
295
1
-41
297
1
-41
298
1
-39
298
1
-39
298
1
-39
298
1
-38
302
1
-37
303
1
-36
303
1
-36
303
1
-36
303
1
-35
303
1
-34
301
1
-34
302
1
-34
302
1
-34
303
1
-35
305
1
-28
311
1
-26
311
1
-24
314
1
-24
315
1
-23
315
1
-23
315
1
-23
315
1
-23
318
1
-23
318
1
-22
319
1
-21
319
1
-20
320
1
-20
320
1
-19
320
1
-13
321
1
-8
325
1
-5
325
1
-3
319
1
-2
316
1
-3
315
1
-2
316
1
-2
315
1
-2
315
1
-1
314
1
-1
312
1
-1
312
1
-2
311
1
-1
311
1
0
312
1
0
310
1
-2
309
1
-1
309
1
-1
309
1
2
310
1
2
309
1
6
306
1
6
303
1
7
302
1
7
301
1
7
301
1
9
300
1
8
299
1
9
299
1
9
299
1
10
298
1
10
298
1
10
297
1
11
298
1
11
296
1
10
294
1
11
294
1
10
292
1
11
292
1
11
290
1
12
290
1
12
290
1
11
290
1
11
289
1
9
289
1
9
288
1
9
288
1
10
288
1
11
288
1
11
288
1
12
289
1
12
289
1
12
289
1
12
288
1
11
286
1
11
285
1
10
284
1
9
284
1
9
284
1
9
283
1
8
283
1
10
281
1
10
280
1
9
280
1
9
279
1
9
278
1
9
278
1
11
276
1
15
277
1
16
276
1
16
271
1
16
271
1
18
272
1
18
272
1
21
273
1
21
273
1
21
270
1
19
269
1
19
269
1
19
269
1
18
268
1
19
268
1
19
268
1
18
265
1
19
264
1
21
263
1
22
263
1
22
262
1
22
262
1
28
263
1
29
265
1
30
265
1
30
265
1
29
265
1
30
267
1
30
268
1
30
268
1
29
269
1
29
269
1
29
270
1
29
271
1
29
271
1
29
270
1
30
270
1
30
271
1
30
271
1
30
270
1
30
270
1
30
270
1
30
272
1
31
272
1
30
272
1
30
274
1
30
274
1
30
275
1
30
276
1
29
277
1
28
277
1
28
278
1
27
277
1
25
279
1
25
280
1
31
278
1
35
284
1
35
283
1
35
284
1
35
284
1
36
284
1
36
283
1
36
284
1
36
284
1
36
284
1
38
284
1
38
284
1
38
283
1
38
284
1
39
283
1
39
284
1
39
284
1
38
284
1
38
284
1
38
284
1
38
284
1
37
284
1
37
284
1
38
284
1
38
285
1
39
284
1
39
285
1
39
285
1
40
286
1
40
286
1
41
288
1
42
289
1
41
289
1
42
289
1
41
289
1
42
290
1
42
290
1
42
290
1
42
289
1
42
289
1
42
289
1
44
290
1
44
291
1
44
291
1
45
293
1
45
293
1
46
295
1
45
295
1
45
296
1
44
294
1
43
294
1
44
296
1
45
299
1
45
299
1
46
300
1
46
299
1
47
300
1
47
299
1
46
298
1
46
298
1
46
295
1
48
295
1
48
294
1
48
294
1
48
296
1
49
296
1
48
291
1
47
289
1
49
292
1
49
293
1
50
293
1
51
301
1
52
304
1
53
304
1
53
304
1
54
303
1
54
303
1
54
303
1
54
302
1
54
302
1
55
301
1
55
301
1
55
300
1
56
299
1
56
298
1
57
298
1
57
299
1
57
298
1
58
298
1
60
295
1
60
294
1
59
295
1
58
292
1
59
290
1
60
291
1
60
290
1
61
290
1
61
288
1
62
288
1
62
282
1
62
282
1
62
282
1
61
282
1
60
282
1
60
283
1
59
281
1
59
281
1
58
282
1
56
283
1
55
280
1
52
282
1
51
280
1
51
280
1
53
278
1
55
278
1
57
268
1
59
267
1
59
266
1
59
265
1
62
267
1
62
267
1
63
267
1
63
269
1
63
269
1
64
270
1
64
271
1
65
273
1
65
273
1
66
274
1
66
273
1
67
274
1
67
279
1
68
279
1
68
278
1
68
278
1
69
279
1
69
279
1
69
277
1
70
277
1
70
274
1
68
275
1
68
273
1
67
273
1
67
273
1
68
272
1
69
272
1
69
271
1
69
270
1
70
268
1
70
269
1
72
266
1
72
266
1
73
266
1
74
270
1
74
265
1
74
264
1
72
265
1
71
264
1
70
263
1
69
266
1
69
265
1
68
266
1
67
264
1
68
263
1
68
263
1
69
264
1
70
262
1
69
260
1
69
262
1
68
261
1
68
261
1
68
251
1
68
252
1
68
252
1
68
245
1
68
245
1
68
246
1
70
237
1
69
236
1
69
236
1
70
236
1
69
235
1
71
232
1
70
231
1
69
224
1
69
224
1
70
197
1
69
196
1
69
194
1
68
194
1
66
198
1
66
198
1
66
196
1
66
196
1
66
192
1
65
194
1
65
193
1
65
199
1
64
199
1
64
199
1
63
199
1
63
195
1
63
195
1
61
194
1
60
196
1
60
198
1
59
198
1
59
198
1
59
198
1
59
200
1
58
201
1
59
201
1
59
203
1
58
202
1
55
195
1
54
195
1
59
207
1
59
206
1
61
210
1
61
209
1
60
208
1
59
209
1
59
208
1
60
212
1
61
212
1
60
220
1
60
220
1
59
220
1
58
223
1
56
225
1
58
225
1
58
224
1
58
225
1
59
225
1
58
225
1
58
225
1
57
225
1
58
226
1
57
227
1
57
226
1
57
226
1
56
226
1
56
226
1
56
226
1
55
228
1
55
228
1
56
227
1
56
228
1
56
228
1
55
229
1
55
230
1
54
230
1
54
230
1
54
229
1
51
232
1
51
232
1
49
236
1
50
237
1
49
237
1
49
238
1
48
237
1
48
238
1
48
238
1
48
237
1
48
237
1
48
237
1
48
235
1
46
236
1
46
237
1
46
236
1
42
236
1
41
236
1
40
236
1
40
236
1
39
237
1
38
237
1
38
237
1
38
238
1
38
238
1
38
238
1
38
238
1
38
238
1
38
238
1
37
238
1
37
238
1
36
238
1
35
239
1
35
239
1
34
242
1
34
242
1
33
243
1
30
244
1
30
244
1
30
244
1
28
246
1
28
246
1
28
246
1
28
245
1
28
245
1
27
246
1
26
248
1
25
248
1
25
248
1
23
250
1
23
251
1
24
250
1
24
249
1
25
249
1
25
249
1
25
249
1
30
245
1
32
245
1
32
246
1
31
247
1
28
249
1
28
249
1
27
249
1
27
250
1
27
250
1
26
251
1
26
251
1
25
252
1
21
255
1
21
255
1
21
254
1
21
255
1
20
254
1
16
264
1
16
266
1
13
272
1
13
272
1
13
273
1
13
272
1
11
274
1
10
274
1
10
275
1
10
275
1
10
275
1
9
276
1
8
276
1
8
277
1
8
278
1
8
278
1
8
279
1
7
279
1
8
280
1
8
280
1
8
279
1
9
280
1
9
281
1
8
281
1
8
282
1
8
282
1
7
283
1
4
282
1
4
283
1
3
282
1
3
282
1
2
281
1
2
281
1
2
281
1
1
281
1
1
280
1
0
280
1
66
235
0
66
239
1
66
237
1
65
237
1
65
238
1
66
239
1
65
239
1
65
239
1
65
241
1
66
240
1
66
242
1
66
242
1
66
239
1
67
241
1
66
235
1
61
243
0
61
246
1
61
246
1
62
250
1
63
250
1
63
251
1
63
248
1
62
247
1
62
245
1
62
245
1
62
245
1
61
245
1
61
243
1
53
261
0
53
261
1
52
262
1
52
262
1
52
263
1
51
263
1
52
263
1
50
263
1
50
264
1
51
264
1
54
262
1
54
261
1
53
261
1
53
259
0
53
259
1
53
260
1
53
260
1
52
260
1
52
260
1
51
261
1
51
261
1
50
261
1
50
261
1
50
262
1
51
261
1
52
261
1
52
260
1
52
260
1
52
260
1
53
260
1
53
259
1
47
268
0
47
269
1
46
269
1
47
272
1
47
272
1
47
272
1
47
272
1
46
273
1
47
275
1
46
275
1
46
275
1
48
275
1
48
274
1
49
273
1
49
272
1
49
272
1
47
268
1
45
272
0
45
273
1
42
272
1
42
272
1
42
273
1
43
274
1
44
273
1
45
274
1
45
275
1
46
275
1
45
277
1
44
277
1
44
276
1
44
276
1
44
277
1
43
278
1
43
278
1
45
279
1
45
278
1
44
280
1
45
280
1
46
279
1
46
276
1
46
276
1
46
273
1
45
272
1
-53
291
0
-53
290
1
-53
290
1
-53
290
1
-53
290
1
-53
290
1
-53
291
1
-53
291
1
-54
290
1
-54
290
1
-54
290
1
-54
289
1
-54
289
1
-53
285
1
-53
286
1
-54
286
1
-54
287
1
-54
287
1
-54
287
1
-54
288
1
-54
288
1
-55
288
1
-55
289
1
-55
290
1
-55
291
1
-56
292
1
-55
292
1
-55
295
1
-55
295
1
-54
292
1
-53
292
1
-53
291
1
-52
299
0
-52
299
1
-52
300
1
-52
300
1
-52
300
1
-52
301
1
-52
301
1
-52
302
1
-51
302
1
-51
302
1
-51
299
1
-52
300
1
-52
299
1
-52
299
1
22
275
0
22
276
1
22
276
1
22
278
1
22
281
1
21
281
1
21
283
1
20
283
1
20
282
1
20
286
1
20
286
1
20
285
1
21
285
1
21
284
1
21
284
1
22
281
1
23
280
1
23
276
1
22
276
1
22
276
1
22
275
1
18
285
0
18
286
1
18
286
1
18
288
1
18
289
1
18
289
1
18
289
1
18
289
1
18
289
1
18
291
1
18
291
1
18
292
1
19
290
1
19
291
1
19
290
1
20
290
1
20
287
1
20
286
1
20
287
1
19
288
1
18
287
1
19
286
1
18
285
1
48
301
0
48
301
1
48
305
1
47
305
1
47
304
1
47
305
1
47
306
1
47
306
1
47
306
1
47
306
1
47
306
1
47
307
1
48
307
1
48
307
1
48
307
1
48
306
1
48
306
1
49
307
1
48
306
1
49
306
1
49
306
1
50
304
1
50
304
1
50
304
1
50
303
1
52
304
1
51
303
1
49
301
1
48
302
1
48
301
1
64
273
0
64
274
1
63
274
1
64
278
1
63
279
1
64
280
1
66
275
1
66
275
1
66
274
1
65
274
1
64
274
1
64
273
1
72
270
0
70
281
1
70
282
1
69
284
1
69
284
1
69
285
1
68
287
1
67
288
1
66
285
1
66
286
1
65
282
1
65
282
1
65
282
1
65
281
1
64
282
1
64
288
1
63
288
1
62
294
1
62
294
1
64
291
1
63
295
1
64
296
1
64
295
1
64
295
1
66
293
1
66
293
1
65
296
1
65
296
1
66
298
1
67
299
1
68
292
1
69
292
1
69
293
1
70
292
1
70
292
1
72
286
1
72
286
1
73
286
1
72
279
1
73
279
1
73
278
1
74
279
1
74
278
1
73
274
1
72
274
1
72
275
1
72
274
1
73
273
1
74
276
1
72
270
1
72
270
1
77
264
0
77
264
1
76
268
1
76
268
1
75
268
1
75
268
1
75
280
1
75
280
1
76
270
1
76
270
1
77
264
1
80
265
0
79
267
1
79
266
1
79
274
1
80
274
1
80
272
1
80
273
1
81
266
1
81
266
1
80
265
1
80
265
1
81
269
0
81
270
1
81
282
1
80
273
1
80
275
1
79
275
1
79
275
1
78
272
1
78
274
1
78
272
1
77
272
1
77
273
1
77
270
1
76
270
1
77
282
1
77
281
1
78
282
1
78
282
1
78
285
1
79
285
1
81
296
1
82
296
1
82
299
1
82
299
1
82
273
1
82
273
1
81
269
1
73
257
0
73
258
1
72
258
1
71
261
1
72
264
1
72
264
1
73
263
1
73
262
1
74
263
1
74
262
1
74
259
1
73
259
1
73
259
1
73
257
1
75
242
0
75
247
1
75
245
1
75
254
1
76
254
1
76
251
1
77
251
1
76
249
1
76
250
1
76
250
1
75
251
1
76
244
1
75
242
1
72
241
0
71
242
1
71
242
1
70
247
1
70
243
1
69
244
1
69
246
1
69
247
1
69
258
1
70
258
1
70
259
1
70
259
1
71
255
1
72
255
1
73
254
1
73
256
1
74
253
1
73
252
1
73
247
1
73
246
1
73
242
1
72
242
1
72
241
1
72
241
1
78
287
0
77
292
1
77
290
1
77
290
1
77
291
1
76
290
1
76
302
1
75
302
1
74
303
1
74
303
1
74
304
1
73
304
1
73
304
1
72
305
1
72
304
1
72
307
1
71
307
1
71
308
1
70
309
1
71
306
1
70
305
1
69
308
1
70
309
1
69
309
1
69
309
1
68
307
1
67
306
1
66
306
1
65
308
1
64
308
1
64
309
1
64
309
1
61
312
1
60
317
1
62
318
1
63
318
1
63
319
1
64
320
1
65
319
1
65
320
1
70
338
1
70
334
1
70
334
1
71
335
1
71
334
1
71
335
1
71
336
1
70
338
1
71
338
1
72
335
1
72
338
1
72
338
1
73
338
1
73
337
1
73
340
1
74
340
1
74
338
1
74
341
1
75
341
1
75
340
1
75
341
1
76
341
1
76
340
1
76
338
1
77
339
1
77
342
1
77
342
1
78
340
1
78
341
1
79
340
1
81
348
1
81
335
1
82
339
1
82
338
1
82
336
1
82
336
1
82
335
1
82
335
1
82
330
1
83
340
1
82
298
1
81
299
1
80
292
1
80
295
1
78
287
1
65
336
0
65
338
1
65
336
1
65
337
1
64
338
1
64
337
1
65
346
1
65
346
1
66
345
1
66
345
1
66
344
1
66
342
1
66
341
1
66
340
1
66
340
1
65
339
1
66
338
1
66
337
1
66
337
1
66
336
1
66
336
1
65
336
1
0
9
0
-1
9
1
-5
12
1
-9
13
1
-9
13
1
-12
14
1
-17
12
1
-23
14
1
-28
16
1
-33
18
1
-33
18
1
-33
18
1
-34
18
1
-34
19
1
-35
20
1
-35
20
1
-34
20
1
-34
22
1
-34
22
1
-34
25
1
-34
25
1
-34
26
1
-34
26
1
-34
27
1
-27
33
1
-26
33
1
-26
33
1
-25
33
1
-24
35
1
-24
35
1
-20
35
1
-15
41
1
-12
40
1
-13
40
1
-10
40
1
-8
39
1
-7
40
1
-6
39
1
-2
40
1
-3
41
1
9
51
1
12
51
1
12
51
1
10
44
1
12
43
1
12
43
1
15
41
1
15
40
1
15
40
1
16
39
1
22
37
1
23
36
1
24
36
1
30
32
1
30
33
1
28
34
1
28
34
1
29
35
1
28
35
1
28
35
1
22
39
1
21
39
1
20
40
1
20
40
1
14
43
1
13
43
1
13
44
1
16
52
1
16
52
1
17
55
1
18
55
1
18
57
1
19
57
1
19
58
1
20
58
1
20
58
1
20
58
1
22
60
1
25
56
1
26
56
1
26
56
1
26
56
1
24
54
1
24
53
1
24
52
1
24
51
1
26
52
1
26
51
1
26
51
1
25
51
1
29
48
1
29
48
1
30
48
1
30
49
1
30
50
1
30
50
1
28
51
1
26
55
1
27
57
1
26
57
1
25
67
1
25
67
1
24
67
1
23
70
1
23
70
1
22
70
1
22
69
1
21
71
1
21
72
1
22
72
1
22
73
1
19
73
1
19
73
1
8
77
1
8
78
1
8
78
1
9
79
1
9
79
1
10
79
1
10
80
1
16
80
1
16
81
1
16
81
1
16
82
1
17
82
1
17
82
1
21
87
1
21
87
1
22
88
1
21
88
1
22
90
1
23
91
1
20
93
1
20
93
1
19
94
1
19
94
1
19
94
1
19
94
1
16
94
1
16
95
1
17
97
1
17
97
1
16
98
1
13
99
1
12
98
1
11
99
1
11
98
1
8
98
1
8
98
1
8
99
1
6
100
1
5
100
1
5
101
1
4
101
1
3
101
1
3
101
1
1
103
1
1
104
1
5
103
1
8
100
1
8
100
1
9
100
1
9
100
1
9
99
1
13
100
1
13
100
1
13
101
1
13
101
1
12
103
1
11
104
1
11
104
1
10
105
1
9
105
1
10
107
1
10
107
1
10
107
1
11
109
1
15
109
1
19
106
1
20
106
1
22
109
1
21
109
1
21
110
1
20
110
1
20
110
1
21
110
1
21
110
1
22
113
1
23
113
1
22
113
1
23
114
1
22
114
1
23
114
1
24
118
1
25
118
1
25
119
1
25
119
1
26
120
1
27
120
1
27
120
1
28
121
1
28
121
1
28
122
1
29
121
1
29
122
1
29
122
1
30
122
1
30
120
1
31
122
1
32
121
1
32
122
1
32
122
1
33
121
1
34
120
1
35
119
1
37
121
1
37
122
1
37
122
1
37
123
1
38
120
1
37
120
1
37
119
1
37
119
1
38
119
1
39
118
1
39
118
1
39
119
1
41
121
1
41
122
1
40
122
1
39
121
1
39
122
1
39
121
1
40
124
1
39
125
1
38
125
1
38
125
1
38
126
1
37
127
1
37
127
1
37
126
1
36
127
1
35
126
1
34
127
1
35
129
1
38
129
1
39
127
1
40
127
1
40
127
1
41
130
1
42
130
1
42
130
1
42
131
1
43
131
1
43
131
1
43
132
1
43
132
1
43
132
1
44
135
1
49
140
1
51
140
1
52
141
1
52
141
1
53
141
1
54
139
1
53
137
1
54
138
1
54
138
1
54
137
1
55
137
1
55
135
1
55
135
1
59
146
1
59
146
1
59
149
1
60
149
1
60
149
1
59
152
1
59
151
1
59
151
1
59
155
1
59
154
1
62
160
1
61
160
1
61
160
1
62
163
1
62
163
1
63
163
1
63
164
1
63
165
1
62
164
1
61
163
1
58
157
1
57
157
1
56
155
1
51
157
1
53
159
1
53
160
1
54
160
1
55
162
1
56
162
1
56
162
1
56
163
1
56
163
1
57
163
1
57
163
1
57
163
1
58
163
1
58
162
1
58
162
1
60
164
1
60
165
1
60
166
1
60
166
1
60
170
1
60
170
1
63
180
1
64
178
1
64
177
1
65
177
1
65
180
1
66
181
1
66
180
1
66
181
1
65
184
1
65
184
1
64
187
1
65
188
1
65
188
1
66
190
1
70
171
1
69
171
1
69
171
1
69
170
1
69
168
1
70
168
1
70
169
1
70
169
1
70
159
1
70
160
1
71
152
1
71
152
1
72
150
1
72
150
1
73
141
1
72
141
1
72
140
1
72
139
1
71
140
1
72
133
1
71
131
1
72
129
1
72
129
1
73
130
1
74
123
1
73
123
1
73
123
1
73
118
1
74
119
1
74
113
1
74
113
1
74
112
1
74
113
1
74
113
1
74
109
1
73
110
1
73
106
1
75
114
1
76
114
1
77
108
1
76
108
1
76
106
1
77
107
1
77
104
1
77
106
1
77
101
1
76
101
1
76
99
1
76
99
1
76
97
1
76
97
1
75
87
1
74
86
1
74
87
1
73
80
1
73
81
1
72
81
1
72
83
1
72
77
1
72
78
1
72
78
1
72
76
1
71
78
1
71
75
1
72
75
1
72
76
1
73
75
1
73
74
1
73
74
1
73
75
1
72
75
1
71
73
1
71
74
1
70
74
1
69
74
1
69
75
1
69
75
1
68
74
1
68
75
1
66
72
1
67
70
1
68
73
1
68
73
1
69
74
1
69
73
1
71
73
1
71
72
1
72
73
1
73
73
1
73
71
1
73
72
1
73
71
1
72
69
1
72
69
1
71
67
1
71
67
1
70
67
1
70
67
1
70
67
1
69
69
1
68
69
1
70
59
1
70
59
1
70
60
1
69
61
1
69
60
1
68
60
1
68
59
1
69
59
1
68
54
1
69
54
1
68
48
1
67
48
1
67
45
1
68
45
1
68
47
1
69
43
1
68
44
1
68
44
1
67
44
1
67
44
1
66
44
1
65
40
1
65
41
1
65
36
1
64
37
1
64
38
1
64
38
1
65
35
1
66
35
1
67
32
1
67
41
1
67
41
1
69
33
1
70
33
1
70
29
1
70
31
1
71
28
1
70
27
1
71
27
1
71
26
1
71
26
1
71
24
1
71
23
1
69
17
1
69
17
1
69
18
1
69
17
1
69
17
1
69
16
1
69
16
1
69
14
1
68
15
1
68
13
1
68
16
1
63
9
1
64
9
1
63
8
1
62
5
1
61
5
1
61
5
1
60
6
1
60
5
1
59
5
1
59
6
1
59
6
1
59
6
1
58
8
1
59
11
1
59
11
1
56
13
1
56
13
1
56
13
1
55
13
1
55
14
1
56
14
1
56
15
1
56
16
1
59
17
1
59
18
1
59
18
1
60
19
1
61
17
1
62
17
1
64
22
1
65
21
1
65
21
1
65
21
1
65
25
1
65
25
1
65
25
1
63
21
1
61
22
1
61
21
1
61
21
1
60
30
1
60
30
1
60
29
1
59
23
1
59
23
1
58
24
1
58
24
1
57
24
1
57
23
1
58
22
1
58
22
1
57
21
1
56
21
1
54
19
1
54
19
1
55
18
1
54
13
1
54
14
1
55
13
1
54
11
1
54
11
1
54
10
1
55
10
1
55
9
1
56
10
1
56
11
1
56
11
1
56
10
1
58
10
1
57
8
1
56
8
1
55
9
1
55
9
1
54
9
1
54
9
1
54
9
1
54
9
1
53
8
1
54
7
1
53
7
1
53
6
1
53
6
1
53
6
1
53
6
1
52
6
1
52
5
1
53
5
1
53
5
1
51
4
1
51
2
1
50
2
1
50
0
1
49
0
1
49
359
1
49
359
1
50
359
1
50
358
1
49
359
1
48
357
1
49
357
1
48
355
1
48
355
1
47
358
1
47
358
1
46
359
1
43
358
1
44
352
1
43
352
1
43
351
1
43
351
1
40
351
1
39
351
1
39
351
1
38
351
1
38
351
1
37
351
1
37
353
1
36
354
1
37
358
1
38
359
1
38
359
1
38
360
1
39
0
1
39
360
1
39
360
1
40
0
1
42
3
1
43
3
1
43
4
1
43
6
1
44
9
1
44
10
1
43
10
1
42
11
1
42
11
1
41
13
1
41
14
1
39
16
1
38
16
1
38
16
1
38
16
1
38
16
1
39
16
1
39
17
1
39
17
1
40
16
1
40
17
1
40
18
1
40
18
1
40
18
1
40
18
1
41
16
1
42
16
1
43
14
1
43
14
1
45
12
1
45
12
1
45
12
1
45
12
1
46
14
1
45
13
1
45
13
1
45
14
1
45
14
1
45
14
1
45
15
1
44
15
1
44
16
1
43
16
1
42
19
1
40
19
1
38
23
1
38
24
1
38
24
1
38
25
1
38
24
1
38
24
1
40
23
1
41
23
1
40
23
1
40
24
1
40
24
1
41
23
1
41
24
1
41
24
1
41
26
1
40
26
1
41
27
1
40
26
1
40
26
1
41
29
1
41
29
1
41
29
1
40
29
1
40
27
1
39
26
1
39
27
1
39
27
1
38
27
1
38
27
1
39
26
1
38
26
1
38
27
1
38
27
1
37
28
1
37
27
1
37
28
1
37
28
1
36
30
1
37
31
1
36
33
1
37
34
1
37
35
1
37
36
1
37
36
1
36
36
1
36
36
1
31
34
1
31
33
1
31
32
1
31
32
1
31
32
1
31
32
1
31
29
1
31
25
1
32
25
1
32
23
1
33
23
1
33
21
1
32
20
1
31
20
1
30
20
1
30
19
1
32
15
1
32
15
1
33
11
1
34
11
1
34
10
1
34
10
1
35
11
1
36
11
1
36
10
1
36
11
1
37
11
1
37
10
1
37
10
1
37
9
1
37
8
1
37
7
1
37
7
1
37
6
1
37
6
1
36
0
1
36
359
1
36
359
1
35
358
1
35
357
1
35
355
1
36
355
1
36
354
1
34
353
1
33
351
1
32
351
1
31
350
1
31
350
1
30
350
1
28
348
1
28
347
1
27
346
1
26
346
1
21
343
1
20
344
1
20
344
1
19
343
1
16
344
1
15
343
1
14
343
1
12
343
1
12
344
1
11
345
1
11
345
1
9
347
1
7
348
1
4
353
1
5
353
1
5
354
1
6
360
1
6
0
1
6
1
1
6
2
1
6
5
1
4
6
1
5
9
1
4
9
1
4
9
1
3
10
1
1
9
1
1
10
1
1
9
1
0
9
1
-2
32
0
-3
32
1
-2
32
1
-3
33
1
-2
34
1
-2
33
1
0
34
1
0
34
1
0
32
1
-1
32
1
-1
32
1
-2
32
1
-6
29
0
-8
31
1
-9
30
1
-9
31
1
-7
31
1
-6
30
1
-6
30
1
-3
29
1
-4
29
1
-5
29
1
-5
29
1
-6
29
1
43
28
0
41
29
1
42
35
1
42
35
1
42
36
1
41
36
1
42
42
1
42
42
1
43
41
1
45
37
1
45
37
1
44
34
1
45
33
1
45
34
1
45
33
1
46
33
1
46
34
1
46
33
1
46
32
1
47
32
1
47
31
1
46
30
1
46
30
1
45
30
1
44
29
1
43
29
1
43
28
1
43
28
1
45
47
0
44
47
1
44
47
1
43
47
1
40
50
1
40
49
1
39
49
1
39
49
1
38
49
1
37
50
1
37
52
1
37
54
1
37
54
1
38
54
1
39
54
1
39
54
1
40
53
1
40
53
1
40
53
1
40
53
1
41
53
1
41
55
1
42
54
1
42
53
1
42
53
1
41
53
1
42
52
1
43
53
1
43
53
1
43
51
1
44
51
1
44
50
1
45
50
1
44
51
1
45
51
1
45
53
1
45
53
1
45
54
1
45
54
1
46
54
1
47
53
1
47
51
1
47
50
1
47
49
1
46
49
1
46
48
1
46
48
1
45
47
1
45
58
0
44
58
1
44
60
1
43
60
1
44
61
1
45
61
1
45
61
1
45
62
1
46
61
1
46
61
1
47
62
1
46
61
1
47
61
1
46
60
1
46
60
1
46
60
1
46
59
1
46
59
1
45
58
1
62
34
0
61
35
1
61
35
1
61
35
1
61
36
1
61
36
1
62
36
1
62
36
1
63
34
1
63
35
1
63
35
1
62
35
1
62
35
1
62
34
1
-22
43
0
-23
43
1
-26
45
1
-25
47
1
-15
50
1
-16
50
1
-12
49
1
-12
49
1
-13
49
1
-14
48
1
-14
48
1
-14
48
1
-15
48
1
-15
47
1
-16
44
1
-17
44
1
-20
44
1
-22
43
1
-49
69
0
-49
69
1
-50
69
1
-49
69
1
-50
70
1
-49
70
1
-49
70
1
-49
71
1
-49
70
1
-49
69
1
-49
69
1
33
129
0
33
130
1
33
130
1
33
130
1
33
130
1
32
130
1
32
130
1
31
130
1
31
131
1
31
131
1
33
132
1
34
132
1
34
131
1
34
131
1
34
130
1
33
129
1
33
132
0
33
132
1
33
133
1
33
134
1
33
134
1
34
135
1
34
135
1
34
134
1
34
133
1
34
133
1
34
133
1
33
132
1
34
131
0
34
131
1
34
132
1
34
132
1
35
135
1
34
135
1
33
135
1
33
136
1
34
137
1
35
136
1
35
137
1
35
137
1
35
138
1
35
139
1
35
139
1
35
140
1
35
140
1
35
140
1
35
140
1
36
141
1
36
141
1
38
141
1
38
141
1
38
141
1
39
141
1
39
142
1
41
141
1
41
141
1
41
141
1
41
141
1
41
141
1
41
141
1
41
141
1
41
140
1
38
139
1
37
137
1
38
137
1
37
137
1
36
136
1
36
136
1
35
136
1
36
135
1
35
133
1
34
131
1
43
140
0
42
140
1
42
140
1
41
140
1
42
141
1
42
140
1
43
140
1
43
141
1
42
141
1
43
142
1
42
143
1
43
144
1
43
146
1
43
145
1
44
145
1
44
145
1
44
145
1
45
142
1
45
141
1
44
142
1
44
141
1
43
141
1
43
140
1
43
140
1
43
140
1
53
142
0
53
142
1
52
142
1
51
142
1
47
142
1
47
142
1
46
142
1
47
143
1
46
143
1
47
143
1
47
143
1
47
143
1
48
142
1
49
143
1
49
144
1
54
143
1
54
142
1
54
142
1
53
142
1
72
52
0
71
58
1
71
56
1
72
56
1
76
69
1
77
69
1
75
56
1
75
56
1
74
54
1
73
54
1
73
53
1
72
53
1
72
52
1
72
52
1
80
11
0
79
11
1
78
15
1
78
14
1
77
14
1
76
17
1
78
19
1
78
19
1
79
20
1
78
22
1
77
21
1
78
25
1
79
19
1
80
19
1
80
27
1
80
27
1
80
18
1
80
18
1
80
11
1
50
354
0
50
355
1
50
355
1
50
356
1
51
356
1
51
359
1
51
0
1
51
1
1
51
1
1
52
2
1
53
2
1
53
0
1
53
0
1
53
0
1
54
360
1
54
359
1
55
358
1
56
358
1
56
357
1
57
358
1
58
358
1
58
356
1
58
357
1
59
357
1
58
355
1
57
354
1
58
354
1
57
353
1
57
354
1
57
354
1
56
354
1
56
355
1
56
354
1
56
354
1
56
354
1
55
354
1
56
355
1
55
355
1
55
355
1
55
355
1
55
357
1
54
356
1
54
357
1
54
357
1
54
357
1
53
357
1
53
355
1
53
356
1
53
355
1
53
356
1
52
356
1
52
355
1
52
355
1
51
357
1
52
357
1
51
357
1
51
356
1
50
354
1
52
350
0
52
350
1
52
354
1
53
354
1
54
354
1
54
354
1
55
354
1
55
352
1
55
351
1
54
352
1
54
350
1
54
350
1
54
350
1
53
350
1
53
351
1
52
350
1
52
350
1
38
21
0
37
22
1
37
21
1
37
22
1
37
22
1
36
22
1
37
23
1
36
23
1
37
23
1
37
23
1
38
23
1
38
22
1
38
21
1
-34
115
0
-35
118
1
-34
119
1
-34
119
1
-34
120
1
-34
124
1
-33
124
1
-32
126
1
-32
127
1
-32
132
1
-32
132
1
-33
134
1
-33
134
1
-33
135
1
-35
136
1
-33
138
1
-34
138
1
-35
137
1
-35
137
1
-35
137
1
-35
138
1
-34
138
1
-35
139
1
-36
138
1
-36
139
1
-37
140
1
-37
140
1
-37
140
1
-38
141
1
-38
143
1
-39
143
1
-38
145
1
-38
145
1
-38
145
1
-39
146
1
-39
146
1
-38
150
1
-33
152
1
-29
154
1
-24
152
1
-24
151
1
-23
151
1
-22
150
1
-22
150
1
-20
149
1
-19
146
1
-15
145
1
-14
145
1
-14
144
1
-14
144
1
-11
143
1
-11
142
1
-11
142
1
-12
142
1
-12
142
1
-18
141
1
-18
140
1
-16
137
1
-15
136
1
-15
136
1
-13
136
1
-13
137
1
-12
137
1
-12
136
1
-13
136
1
-12
136
1
-12
135
1
-11
132
1
-12
133
1
-12
132
1
-12
131
1
-13
130
1
-14
130
1
-14
130
1
-14
130
1
-14
129
1
-15
130
1
-15
130
1
-15
129
1
-15
128
1
-15
128
1
-14
127
1
-14
127
1
-14
126
1
-15
126
1
-15
125
1
-15
125
1
-15
125
1
-16
124
1
-16
124
1
-17
124
1
-17
124
1
-18
123
1
-16
123
1
-17
122
1
-18
122
1
-20
121
1
-22
115
1
-22
114
1
-22
114
1
-23
114
1
-23
114
1
-24
113
1
-26
114
1
-26
113
1
-27
114
1
-26
113
1
-32
116
1
-33
116
1
-33
116
1
-34
115
1
-34
115
1
-39
174
0
-40
175
1
-41
175
1
-42
175
1
-40
177
1
-39
177
1
-39
177
1
-39
178
1
-39
178
1
-39
178
1
-38
178
1
-38
178
1
-38
177
1
-38
176
1
-37
176
1
-37
175
1
-37
175
1
-37
175
1
-37
175
1
-35
174
1
-34
173
1
-35
173
1
-37
174
1
-37
175
1
-39
175
1
-39
174
1
-46
166
0
-46
167
1
-46
168
1
-47
169
1
-44
172
1
-44
173
1
-43
173
1
-43
173
1
-43
173
1
-42
174
1
-41
174
1
-41
174
1
-41
174
1
-41
173
1
-41
173
1
-41
173
1
-41
172
1
-42
172
1
-42
171
1
-43
171
1
-46
166
1
6
95
0
4
97
1
2
99
1
0
99
1
0
100
1
-6
105
1
-6
105
1
-6
106
1
-3
106
1
-2
106
1
-2
105
1
-1
104
1
-1
104
1
-1
103
1
0
104
1
1
103
1
1
103
1
1
103
1
1
103
1
2
102
1
5
98
1
5
96
1
6
96
1
6
95
1
-7
105
0
-7
107
1
-7
106
1
-9
114
1
-8
114
1
-8
113
1
-7
113
1
-7
112
1
-6
111
1
-7
110
1
-7
109
1
-6
108
1
-6
107
1
-6
107
1
-6
106
1
-7
105
1
1
109
0
0
109
1
0
109
1
0
109
1
-1
110
1
-3
110
1
-3
112
1
-4
112
1
-3
113
1
-3
114
1
-3
114
1
-4
115
1
-3
116
1
-2
117
1
-2
116
1
1
118
1
1
119
1
2
118
1
2
118
1
3
117
1
4
118
1
4
118
1
4
119
1
5
118
1
5
119
1
6
118
1
6
118
1
7
117
1
5
115
1
5
115
1
3
111
1
2
111
1
2
109
1
1
109
1
-3
119
0
-4
119
1
-4
119
1
-6
119
1
-6
120
1
-3
120
1
-3
121
1
-3
121
1
-3
121
1
-4
122
1
-5
122
1
-5
122
1
-5
122
1
-5
122
1
-6
123
1
-5
123
1
-5
123
1
-4
122
1
-3
122
1
-2
121
1
-1
123
1
-1
123
1
-1
123
1
-1
121
1
-1
121
1
-1
120
1
0
120
1
1
125
1
2
125
1
2
125
1
1
124
1
1
121
1
1
121
1
1
120
1
-1
120
1
-1
119
1
-3
119
1
1
127
0
0
128
1
0
128
1
-1
128
1
0
128
1
1
128
1
1
128
1
1
128
1
1
129
1
2
129
1
1
128
1
2
128
1
2
128
1
2
128
1
1
127
1
-1
131
0
-2
132
1
-2
132
1
-2
134
1
-3
134
1
-3
133
1
-3
133
1
-3
132
1
-3
132
1
-3
132
1
-4
133
1
-4
133
1
-4
133
1
-4
134
1
-6
138
1
-7
139
1
-7
138
1
-8
138
1
-8
140
1
-9
141
1
-9
143
1
-9
143
1
-8
143
1
-8
144
1
-8
144
1
-8
146
1
-10
148
1
-10
150
1
-11
150
1
-11
151
1
-10
151
1
-10
150
1
-10
150
1
-9
149
1
-9
149
1
-9
149
1
-8
148
1
-7
147
1
-7
148
1
-6
148
1
-6
147
1
-6
147
1
-6
146
1
-5
146
1
-1
138
1
-3
136
1
-3
135
1
-2
134
1
-1
134
1
-1
134
1
-1
133
1
0
133
1
0
132
1
-1
131
1
16
120
0
15
120
1
14
121
1
15
121
1
14
121
1
14
121
1
14
121
1
14
121
1
14
122
1
13
123
1
14
123
1
14
123
1
13
123
1
13
124
1
13
124
1
14
124
1
14
124
1
14
123
1
14
122
1
14
122
1
15
121
1
17
122
1
17
122
1
18
122
1
18
121
1
19
121
1
18
121
1
18
120
1
17
120
1
16
120
1
16
120
1
13
124
0
12
124
1
12
125
1
11
125
1
11
124
1
11
124
1
11
125
1
10
125
1
10
125
1
11
125
1
11
126
1
13
125
1
13
124
1
10
122
0
11
122
1
10
123
1
10
123
1
10
122
1
9
123
1
9
123
1
10
123
1
10
123
1
10
124
1
10
124
1
10
124
1
10
124
1
10
124
1
11
124
1
10
123
1
11
123
1
11
123
1
11
123
1
11
123
1
12
122
1
12
122
1
10
122
1
7
122
0
7
122
1
8
122
1
8
123
1
7
123
1
8
124
1
7
124
1
7
124
1
6
124
1
6
125
1
6
125
1
6
125
1
6
126
1
7
125
1
7
126
1
6
126
1
8
127
1
9
126
1
10
125
1
9
125
1
9
125
1
9
125
1
8
125
1
8
124
1
8
124
1
9
123
1
8
122
1
7
122
1
-6
148
0
-6
148
1
-6
149
1
-6
149
1
-6
152
1
-5
152
1
-4
152
1
-4
151
1
-5
152
1
-5
151
1
-6
151
1
-6
148
1
0
0
0
