   2,   2	5	[3;7]
   4,   6	23	[19;29]
   6,   8	89	[83;97]
  12,  12	211	[199;223]
  16,  14	1847	[1831;1861]
  18,  24	2179	[2161;2203]
  20,  36	14107	[14087;14143]
  24,  40	33247	[33223;33287]
  40,  42	38501	[38461;38543]
  42,  58	58831	[58789;58889]
  46,  60	268343	[268297;268403]
  70,  62	1272749	[1272679;1272811]
  72,  80	2198981	[2198909;2199061]
 102,  96	10938023	[10937921;10938119]
 140, 108	72546283	[72546143;72546391]
 164, 124	162821917	[162821753;162822041]
 172, 156	325737821	[325737649;325737977]
 204, 158	2888688863	[2888688659;2888689021]
 224, 166	6613941601	[6613941377;6613941767]
 226, 194	11179888193	[11179887967;11179888387]
 246, 196	24016237123	[24016236877;24016237319]
 272, 198	96155166493	[96155166221;96155166691]
 274, 200	179474021633	[179474021359;179474021833]
 314, 232	215686840471	[215686840157;215686840703]
 318, 270	633880576177	[633880575859;633880576447]
 324, 334	1480975873513	[1480975873189;1480975873847]
 372, 340	9156364643509	[9156364643137;9156364643849]
11048476000000
